1376	1
1378	1
1806	1
1897	1
1900	3
1901	7
1902	2
1904	1
1906	1
1908	1
1909	2
1910	1
1911	19
1914	1
1917	1
1919	1
1920	33
1921	2
1922	2
1923	11
1924	2
1925	2
1926	2
1927	2
1928	2
1929	7
1930	13
1931	3
1932	5
1933	4
1934	1
1935	3
1936	7
1937	5
1938	7
1939	9
1940	36
1941	10
1942	14
1943	8
1944	4
1945	8
1946	13
1947	14
1948	9
1949	11
1950	32
1951	40
1952	34
1953	63
1954	54
1955	70
1956	74
1957	76
1958	77
1959	103
1960	133
1961	132
1962	123
1963	132
1964	149
1965	173
1966	183
1967	176
1968	233
1969	339
1970	459
1971	540
1972	773
1973	924
1974	1024
1975	1219
1976	1599
1977	1897
1978	2131
1979	2208
1980	2676
1981	3279
1982	4197
1983	4499
1984	4986
1985	5343
1986	5841
1987	6529
1988	7493
1989	7937
1990	8661
1991	9389
1992	9906
1993	10602
1994	11796
1995	13548
1996	14031
1997	14892
1998	15767
1999	17432
2000	17235
2001	17360
2002	17628
2003	14359
2004	5839
2005	46
2006	3
2008	1
2010	2
2011	2
2012	1
2020	3
2021	1
2024	1
2026	1
2030	7
2037	1
2038	1
2050	2
